CPF
60235209872
05491816876
36114391853
74162721815
08090470807
33787360891
22155759800
42387310500
82272875149
33816166768
07212579769
30565561120
15168395104
72187352153
53334175120
39372880310
11545709831
63242990315
84473347753
26572826520
06581609153
51965259804
19556780491
22720561134
00921739427
47802855349
68819951487
23937106200
34459090244
46094628187
43306322253
75725827453
02770821458
38582015968
04098939436
97284157100
21563578387
92015697187
11462671187
02020756480
11692456334
25009562880
25208489872
35206780804
18390612860
21540683834
24637058848
29183863834
17375687803
20184247853
37792407772
33796300804
29179106820
33036209620
31499066872
29181445849
54774918849
40652742815
46742670800
31492894834
34066764800
44275420934
33841306853
51865050806
49525395987
54172632815
38694549700
33508186849
47424540815
23676779800
38160439091
20080956734
25783535818
33787905804
44182686772
17412781472
22309713104
18960707368
10227075153
18967213549
60279150210
47039965100
16515021100
02022508149
67302025487
33581762315
49383108304
97988685449
00080087795
03084767785
06716180249
02134606886
02886045470
49967185104
60440805104
22462805249
95211004353
83881557768
64917410282
08019320415
16810023100
25917188149
98791028787
55851541768
38291525153
42953863249
33063443115
32151497453
31935559834
19913967830
21273778855
46742832800
33841314872
23319453815
25306929800
25204017887
21493561804
16148568853
21493812815
40166112887
52919609734
33843708800
54852137820
46983830644
43555101820
25811471807
37003852853
23274107891
25206230804
50514067853
36090867853
37115880778